129.251221363
130.370279556
133.27983086
132.720301763
132.048866847
132.048866847
132.720301763
133.391736679
133.27983086
133.27983086
133.27983086
133.839359956
138.987027647
139.210839286
139.210839286
139.322745105
136.301287982
136.413193802
133.615548318
134.286983234
134.622700692
132.832207582
130.482185375
133.27983086
132.272678485
128.803598085
125.222611866
125.670235143
128.355974808
130.594091195
130.258373737
131.041714472
131.37743193
131.601243569
128.691692266
129.251221363
130.370279556
133.16792504
133.27983086
136.189382163
136.74891126
140.329897479
139.434650924
133.727454137
133.27983086
132.832207582
130.034562098
129.475033001
126.565481698
125.334517685
121.977343104
118.396356884
119.403509259
121.641625646
122.201154743
125.110706046
125.670235143
129.027409724
131.601243569
131.601243569
131.601243569
132.272678485
132.048866847
134.95841815
133.615548318
133.16792504
129.027409724
129.586938821
129.69884464
129.69884464
129.69884464
126.789293337
126.901199156
124.43927113
127.572634072
125.334517685
126.677387517
126.565481698
127.90835153
128.579786446
128.579786446
128.579786446
128.355974808
129.363127182
126.677387517
124.998800227
118.396356884
117.38920451
112.017725181
114.815370665
114.927276484
115.486805581
115.486805581
116.493957955
119.515415078
119.963038356
124.103553672
128.691692266
135.182229789
135.070323969
141.337049854
143.68707206
143.239448783
142.791825505
138.875121828
132.944113401
132.832207582
130.146467917
127.796445711
127.796445711
127.796445711
127.796445711
126.901199156
129.810750459
129.69884464
132.608395943
132.608395943
133.391736679
136.63700544
140.106085841
142.568013867
140.441803299
140.553709118
137.084628718
133.615548318
133.951265776
133.839359956
133.503642498
133.951265776
137.979875273
141.672767312
142.344202228
142.456108047
141.448955673
134.286983234
133.391736679
129.810750459
129.922656279
130.370279556
133.27983086
133.27983086
132.832207582
132.608395943
135.965570524
139.658462563
139.210839286
136.972722898
137.644157815
137.532251995
136.860817079
138.091781092
142.120390589
145.589470989
148.499022293
148.610928112
147.044246641
139.994180021
135.741758885
132.944113401
133.27983086
133.27983086
133.27983086
133.27983086
134.063171595
131.825055208
132.272678485
135.182229789
134.95841815
137.867969453
140.21799166
139.882274202
137.420346176
140.21799166
141.784673131
141.225144034
141.225144034
140.777520757
138.091781092
135.294135608
132.832207582
133.503642498
134.175077414
134.175077414
134.175077414
135.741758885
142.679919686
145.701376809
145.813282628
145.365659351
141.672767312
140.553709118
137.644157815
137.644157815
137.084628718
133.727454137
127.348822433
124.327365311
124.215459491
124.663082769
128.803598085
132.832207582
135.853664705
139.322745105
142.232296408
141.001332395
140.777520757
143.463260421
146.484717544
147.26805828
146.596623364
146.260905905
142.679919686
139.098933466
138.42749855
137.756063634
137.084628718
137.084628718
136.525099621
136.413193802
136.413193802
136.860817079
141.001332395
144.022789518
144.806130254
145.47756517
144.470412796
139.546556744
136.525099621
133.615548318
133.391736679
135.182229789
132.496490124
132.832207582
132.944113401
129.475033001
126.11785842
122.76068384
119.627320897
118.508262704
114.927276484
114.815370665
114.143935749
115.262993942
117.50111033
118.060639426
121.417814007
124.43927113
126.11785842
132.384584305
135.629853066
134.622700692
132.384584305
129.475033001
129.363127182
129.139315543
131.936961027
131.601243569
131.713149388
132.720301763
132.384584305
128.355974808
125.334517685
124.103553672
120.97019073
123.320212936
120.522567452
120.522567452
120.522567452
120.97019073
124.551176949
125.782140962
128.244068988
125.782140962
127.90835153
127.348822433
126.22976424
123.879742033
123.879742033
123.879742033
124.43927113
127.348822433
127.013104975
123.991647853
123.432118756
120.074944175
117.165392871
117.053487052
115.5987114
115.71061722
115.71061722
116.270146317
120.298755814
123.879742033
123.991647853
123.544024575
120.746379091
117.948733607
115.486805581
119.739226717
119.739226717
119.739226717
119.627320897
119.627320897
119.739226717
119.739226717
119.739226717
118.955885981
118.284451065
117.38920451
111.570101903
111.458196084
112.129631
113.248689194
116.493957955
119.403509259
119.627320897
120.074944175
124.103553672
127.684539891
128.691692266
134.510794873
134.175077414
132.832207582
132.944113401
131.713149388
131.37743193
132.048866847
132.272678485
129.475033001
126.453575878
127.684539891
127.796445711
127.572634072
130.258373737
133.27983086
132.608395943
131.713149388
131.936961027
132.048866847
135.406041427
137.756063634
137.867969453
137.756063634
136.860817079
130.482185375
129.810750459
122.872589659
119.627320897
122.872589659
126.341670059
128.915503904
129.922656279
135.741758885
135.406041427
132.720301763
130.482185375
130.370279556
127.013104975
124.103553672
123.991647853
123.991647853
123.655930394
121.305908188
121.865437285
121.865437285
121.417814007
119.851132536
119.17969762
115.822523039
112.912971736
112.129631
112.129631
112.801065916
112.689160097
113.360595013
113.808218291
116.493957955
119.403509259
119.515415078
120.298755814
120.298755814
120.746379091
120.85828491
121.305908188
124.774988588
127.013104975
127.125010795
127.348822433
133.16792504
132.944113401
131.601243569
132.272678485
128.579786446
129.027409724
131.936961027
132.048866847
134.95841815
134.510794873
131.601243569
131.601243569
132.048866847
134.95841815
135.517947247
138.42749855
138.53940437
138.53940437
137.979875273
135.853664705
135.294135608
133.056019221
133.27983086
133.16792504
128.355974808
130.705997014
128.579786446
129.027409724
129.027409724
129.027409724
129.69884464
129.69884464
129.027409724
129.027409724
129.027409724
128.355974808
127.684539891
127.125010795
126.341670059
127.013104975
128.132163169
131.041714472
132.944113401
135.741758885
136.525099621
139.994180021
143.575166241
144.134695338
146.149000086
149.05855139
147.939493196
148.275210654
151.184761957
150.960950319
148.610928112
147.939493196
147.379964099
143.351354602
139.882274202
135.741758885
132.720301763
135.965570524
138.987027647
140.665614937
146.484717544
147.15615246
149.394268848
149.282363028
152.191914332
151.296667777
146.820435002
145.701376809
139.770368382
139.658462563
139.770368382
140.329897479
142.00848477
138.53940437
137.979875273
135.070323969
135.965570524
132.496490124
129.922656279
129.810750459
130.370279556
133.391736679
132.720301763
132.272678485
129.475033001
126.565481698
127.125010795
128.02025735
133.16792504
133.27983086
132.944113401
132.944113401
133.951265776
134.175077414
131.37743193
128.355974808
127.684539891
128.579786446
135.070323969
135.517947247
135.517947247
134.846512331
134.622700692
133.391736679
129.922656279
129.586938821
132.160772666
132.048866847
134.95841815
134.510794873
131.601243569
131.601243569
131.936961027
132.720301763
136.74891126
140.106085841
144.470412796
144.022789518
141.672767312
142.120390589
144.806130254
147.827587377
146.820435002
142.679919686
139.322745105
135.965570524
132.944113401
129.363127182
128.803598085
125.894046782
126.453575878
126.453575878
127.013104975
127.796445711
128.244068988
130.817902834
133.839359956
135.070323969
140.889426576
142.120390589
145.701376809
145.365659351
142.456108047
141.89657895
137.196534537
134.175077414
134.175077414
134.510794873
134.063171595
131.153620292
131.153620292
130.817902834
133.16792504
133.615548318
136.525099621
139.658462563
139.210839286
136.413193802
136.74891126
139.658462563
138.763216008
142.232296408
144.582318615
144.694224434
144.694224434
143.79897788
137.979875273
137.756063634
137.867969453
137.196534537
137.196534537
137.196534537
137.420346176
134.734606511
131.713149388
131.041714472
130.370279556
130.817902834
130.817902834
131.48933775
132.160772666
131.936961027
126.677387517
126.11785842
123.096401298
123.096401298
123.767836214
123.767836214
123.767836214
123.767836214
122.64877802
119.627320897
119.739226717
120.074944175
122.76068384
125.110706046
125.334517685
122.76068384
119.739226717
119.627320897
120.074944175
122.201154743
124.998800227
128.467880627
131.936961027
131.936961027
130.929808653
131.37743193
133.615548318
134.398889053
134.398889053
134.510794873
131.713149388
132.384584305
132.720301763
131.601243569
128.244068988
126.453575878
129.69884464
132.720301763
133.391736679
133.391736679
132.496490124
126.677387517
123.096401298
123.544024575
126.453575878
125.334517685
122.536872201
121.305908188
119.515415078
122.984495478
123.544024575
126.453575878
127.013104975
129.251221363
129.475033001
126.565481698
126.901199156
130.482185375
131.265526111
131.713149388
135.853664705
135.517947247
135.965570524
138.42749855
135.517947247
136.189382163
136.74891126
134.175077414
132.944113401
130.258373737
132.944113401
134.510794873
134.510794873
133.839359956
133.391736679
130.929808653
133.839359956
134.398889053
135.182229789
139.098933466
142.120390589
143.239448783
148.387116473
147.827587377
147.939493196
147.939493196
148.387116473
151.632385235
154.877653996
155.884806371
152.751443428
151.632385235
148.275210654
142.456108047
140.441803299
136.860817079
136.189382163
134.846512331
134.734606511
138.203686911
141.560861492
144.582318615
144.582318615
144.134695338
141.448955673
138.53940437
139.210839286
139.210839286
138.53940437
137.867969453
137.867969453
138.53940437
140.329897479
143.68707206
146.596623364
145.701376809
140.106085841
137.308440357
135.182229789
128.691692266
125.782140962
125.670235143
125.558329324
125.558329324
124.886894407
124.774988588
127.013104975
128.244068988
131.041714472
131.37743193
128.579786446
124.998800227
126.005952601
129.922656279
135.741758885
136.525099621
136.74891126
136.525099621
139.322745105
143.127542963
149.05855139
148.499022293
147.827587377
147.044246641
146.484717544
146.149000086
142.791825505
139.210839286
137.979875273
140.889426576
141.448955673
144.806130254
146.708529183
144.246601157
147.715681557
147.827587377
148.387116473
151.744291054
153.646689983
150.289515402
147.26805828
147.15615246
147.379964099
144.806130254
142.00848477
137.867969453
134.622700692
133.839359956
133.839359956
133.727454137
139.546556744
139.658462563
139.658462563
139.210839286
136.301287982
136.077476344
138.987027647
139.770368382
139.658462563
140.553709118
137.644157815
136.972722898
136.972722898
137.420346176
140.777520757
144.134695338
147.379964099
144.134695338
142.00848477
138.987027647
138.42749855
135.517947247
134.846512331
134.734606511
134.063171595
132.832207582
132.496490124
129.922656279
130.258373737
133.16792504
133.727454137
139.546556744
139.210839286
136.413193802
136.301287982
136.189382163
136.301287982
137.308440357
140.21799166
140.553709118
146.484717544
146.596623364
146.596623364
146.149000086
143.239448783
142.791825505
138.875121828
133.056019221
133.27983086
134.622700692
134.622700692
134.622700692
134.622700692
133.951265776
133.27983086
133.391736679
133.27983086
132.944113401
133.27983086
136.189382163
135.853664705
132.944113401
132.944113401
133.27983086
131.601243569
131.601243569
131.601243569
132.720301763
133.27983086
133.839359956
135.070323969
142.232296408
142.456108047
143.127542963
141.89657895
138.42749855
134.95841815
134.510794873
133.951265776
134.510794873
134.175077414
134.846512331
134.510794873
133.839359956
133.16792504
132.384584305
126.453575878
127.013104975
126.789293337
130.705997014
133.839359956
137.308440357
141.225144034
147.827587377
149.05855139
152.191914332
149.282363028
148.051399015
144.022789518
140.553709118
138.091781092
140.329897479
140.106085841
142.679919686
139.322745105
136.525099621
133.503642498
134.063171595
134.622700692
137.644157815
135.965570524
138.763216008
138.763216008
138.875121828
139.322745105
142.791825505
146.260905905
148.499022293
146.708529183
142.679919686
139.658462563
140.889426576
140.441803299
137.196534537
134.175077414
134.063171595
134.510794873
137.420346176
136.63700544
139.658462563
140.21799166
143.575166241
146.484717544
146.708529183
146.708529183
146.596623364
147.939493196
147.939493196
147.379964099
142.903731325
135.965570524
131.601243569
132.496490124
137.644157815
137.867969453
137.867969453
137.196534537
137.867969453
137.867969453
137.532251995
132.384584305
132.720301763
132.048866847
132.048866847
132.384584305
133.391736679
133.27983086
135.070323969
141.001332395
140.441803299
139.994180021
135.853664705
133.16792504
127.236916614
126.005952601
123.208307117
123.096401298
122.536872201
120.074944175
124.215459491
124.774988588
128.244068988
131.153620292
131.37743193
128.467880627
128.803598085
131.48933775
134.510794873
134.95841815
140.21799166
139.770368382
136.301287982
135.741758885
133.391736679
135.517947247
134.622700692
131.713149388
133.27983086
133.27983086
132.832207582
134.398889053
140.889426576
141.001332395
140.329897479
140.21799166
143.239448783
143.239448783
142.791825505
139.882274202
139.770368382
139.882274202
137.644157815
138.42749855
135.517947247
135.517947247
135.406041427
131.37743193
128.467880627
129.251221363
135.853664705
136.525099621
135.965570524
139.322745105
142.232296408
141.113238215
137.756063634
134.846512331
134.510794873
133.16792504
133.27983086
133.27983086
133.615548318
136.525099621
140.553709118
146.484717544
146.596623364
147.26805828
147.379964099
144.470412796
144.358506976
144.806130254
148.275210654
150.849044499
148.051399015
147.939493196
147.379964099
143.910883699
144.358506976
143.910883699
140.106085841
134.95841815
135.294135608
135.182229789
134.510794873
134.063171595
134.063171595
134.175077414
134.622700692
137.979875273
141.001332395
141.001332395
141.001332395
140.889426576
140.889426576
141.001332395
140.329897479
140.21799166
139.098933466
137.308440357
139.546556744
139.658462563
140.106085841
143.239448783
142.568013867
141.337049854
137.756063634
137.644157815
137.756063634
137.867969453
137.867969453
138.42749855
138.42749855
139.098933466
139.210839286
139.882274202
139.770368382
139.882274202
137.756063634
137.867969453
135.294135608
137.084628718
133.615548318
132.832207582
133.056019221
132.944113401
129.586938821
126.11785842
123.096401298
122.984495478
121.641625646
120.410661633
120.186849994
123.096401298
124.327365311
127.90835153
129.139315543
131.936961027
132.048866847
134.846512331
138.315592731
142.568013867
142.791825505
140.106085841
137.308440357
134.95841815
135.965570524
135.965570524
136.63700544
136.63700544
136.301287982
135.070323969
128.355974808
121.194002368
118.732074343
119.067791801
122.424966381
125.222611866
127.572634072
127.572634072
127.125010795
124.327365311
125.110706046
131.37743193
135.517947247
138.651310189
142.00848477
145.365659351
148.387116473
148.387116473
151.296667777
150.73713868
150.177609583
147.26805828
146.708529183
143.575166241
146.484717544
146.596623364
145.47756517
141.448955673
139.882274202
139.770368382
140.329897479
141.001332395
142.344202228
143.463260421
146.708529183
146.820435002
147.15615246
145.813282628
145.253753531
141.784673131
141.225144034
138.315592731
138.763216008
138.875121828
137.644157815
134.175077414
134.510794873
134.734606511
132.048866847
129.922656279
135.629853066
135.182229789
137.867969453
141.784673131
147.491869918
150.849044499
152.191914332
152.52763179
153.199066706
146.708529183
146.037094267
143.127542963
143.127542963
143.575166241
146.484717544
146.149000086
142.791825505
139.882274202
140.106085841
144.134695338
147.827587377
147.939493196
147.379964099
144.022789518
139.770368382
139.210839286
136.301287982
136.301287982
136.413193802
135.741758885
134.622700692
131.601243569
131.601243569
130.929808653
130.258373737
130.258373737
130.370279556
130.705997014
130.705997014
130.705997014
130.817902834
134.175077414
137.867969453
137.196534537
137.084628718
135.629853066
129.810750459
129.69884464
129.69884464
129.810750459
129.69884464
126.901199156
124.663082769
125.222611866
126.11785842
122.872589659
119.851132536
119.067791801
118.955885981
118.955885981
119.627320897
119.739226717
119.627320897
120.074944175
122.64877802
119.627320897
119.17969762
116.270146317
116.158240497
116.270146317
116.158240497
116.158240497
116.605863775
119.963038356
123.432118756
127.348822433
133.27983086
133.27983086
133.503642498
130.594091195
130.034562098
129.139315543
131.936961027
131.936961027
132.272678485
132.944113401
133.951265776
134.286983234
134.622700692
135.294135608
134.622700692
133.951265776
133.391736679
132.720301763
133.391736679
133.27983086
133.27983086
133.951265776
134.510794873
134.622700692
137.644157815
137.867969453
134.398889053
129.139315543
128.355974808
128.244068988
131.48933775
133.839359956
137.979875273
140.889426576
141.448955673
143.239448783
139.994180021
135.853664705
132.832207582
130.370279556
133.16792504
133.503642498
134.510794873
137.867969453
140.889426576
141.001332395
141.448955673
143.015637144
143.68707206
146.149000086
142.791825505
138.53940437
137.979875273
134.846512331
136.972722898
137.756063634
137.979875273
135.741758885
135.853664705
132.944113401
132.272678485
132.272678485
132.720301763
136.189382163
139.770368382
139.770368382
139.098933466
139.210839286
138.875121828
133.056019221
133.27983086
133.951265776
133.056019221
126.565481698
126.005952601
122.64877802
120.186849994
122.872589659
125.558329324
129.027409724
132.048866847
131.601243569
129.363127182
129.922656279
129.251221363
129.810750459
132.048866847
130.929808653
128.691692266
129.69884464
133.391736679
133.27983086
133.27983086
136.860817079
137.084628718
134.286983234
134.622700692
133.951265776
132.832207582
129.475033001
126.565481698
126.453575878
126.453575878
127.572634072
131.041714472
134.175077414
131.265526111
130.034562098
126.005952601
123.432118756
126.901199156
130.370279556
132.608395943
131.601243569
132.048866847
136.077476344
139.770368382
139.770368382
139.210839286
136.525099621
132.832207582
132.944113401
133.27983086
133.16792504
133.27983086
136.860817079
138.091781092
140.21799166
139.210839286
135.965570524
132.944113401
132.944113401
132.944113401
133.503642498
130.705997014
127.125010795
127.572634072
130.258373737
133.27983086
132.944113401
133.391736679
135.741758885
132.944113401
132.272678485
132.944113401
132.832207582
133.951265776
137.308440357
139.770368382
135.853664705
132.384584305
132.048866847
132.048866847
132.608395943
133.391736679
136.077476344
138.53940437
135.070323969
134.510794873
131.713149388
132.048866847
132.048866847
132.048866847
132.048866847
132.272678485
130.482185375
133.27983086
133.391736679
136.301287982
136.413193802
135.965570524
132.944113401
129.586938821
126.005952601
126.341670059
129.69884464
132.272678485
129.363127182
128.803598085
126.005952601
125.894046782
126.565481698
125.782140962
125.894046782
126.565481698
127.013104975
130.370279556
133.27983086
133.391736679
133.391736679
133.27983086
133.27983086
133.951265776
134.622700692
134.175077414
129.922656279
129.922656279
129.922656279
130.034562098
129.922656279
129.251221363
128.579786446
128.467880627
130.929808653
128.691692266
129.139315543
132.608395943
133.27983086
132.944113401
133.056019221
133.391736679
133.27983086
132.944113401
132.720301763
136.74891126
139.770368382
138.203686911
133.056019221
132.272678485
132.384584305
132.720301763
131.601243569
127.572634072
123.432118756
120.522567452
120.186849994
122.424966381
123.655930394
127.684539891
131.37743193
132.048866847
132.048866847
132.048866847
131.48933775
131.713149388
129.251221363
132.720301763
132.384584305
129.922656279
132.944113401
129.922656279
130.594091195
130.146467917
126.789293337
122.64877802
119.067791801
117.836827788
113.808218291
110.562949529
113.92012411
118.620168523
123.432118756
126.453575878
126.453575878
126.005952601
123.655930394
125.110706046
124.998800227
127.90835153
127.348822433
127.796445711
130.034562098
130.034562098
132.944113401
133.056019221
132.608395943
129.363127182
126.22976424
122.76068384
118.843980162
115.822523039
116.605863775
123.432118756
130.034562098
130.146467917
130.482185375
130.146467917
129.251221363
122.313060562
119.291603439
118.060639426
115.151088123
114.591559026
111.793913542
112.24153682
112.353442639
113.024877555
112.912971736
113.584406652
113.584406652
113.136783374
109.555797155
110.227232071
110.227232071
110.674855349
114.927276484
115.486805581
117.948733607
115.039182304
113.136783374
109.555797155
108.436738961
105.527187658
105.415281839
105.415281839
105.974810935
108.212927323
107.989115684
111.010572807
112.129631
114.927276484
115.039182304
114.591559026
111.458196084
114.367747387
115.039182304
116.717769594
122.536872201
123.432118756
122.76068384
121.753531465
116.158240497
113.248689194
110.33913789
110.33913789
110.898666987
111.570101903
111.122478626
107.765304045
104.184317826
104.520035284
107.989115684
108.6605506
108.6605506
108.884362239
105.974810935
106.98196331
109.667702974
112.801065916
113.248689194
115.039182304
112.129631
112.577254278
116.493957955
118.843980162
118.396356884
118.732074343
120.746379091
123.767836214
123.879742033
123.320212936
120.522567452
121.529719827
125.670235143
129.251221363
130.370279556
133.951265776
134.734606511
137.756063634
134.286983234
133.27983086
132.944113401
129.363127182
129.922656279
130.370279556
132.272678485
128.355974808
125.334517685
123.655930394
117.053487052
116.829675413
116.829675413
116.941581233
118.843980162
122.76068384
126.789293337
130.929808653
133.951265776
136.74891126
140.329897479
142.791825505
138.987027647
132.496490124
132.272678485
129.251221363
131.37743193
130.370279556
127.013104975
123.991647853
123.432118756
120.746379091
117.724921968
118.284451065
118.284451065
119.291603439
125.670235143
129.69884464
133.391736679
136.301287982
135.853664705
133.056019221
132.720301763
132.160772666
132.272678485
130.146467917
130.146467917
126.789293337
123.320212936
120.298755814
120.298755814
120.186849994
121.305908188
124.215459491
124.103553672
126.453575878
126.565481698
126.565481698
127.013104975
130.258373737
133.839359956
134.622700692
134.622700692
134.846512331
130.705997014
126.901199156
130.258373737
133.615548318
135.629853066
136.413193802
136.301287982
136.301287982
135.741758885
136.077476344
139.658462563
139.322745105
135.853664705
133.056019221
132.048866847
132.048866847
131.936961027
133.391736679
136.63700544
138.987027647
138.987027647
141.448955673
137.644157815
131.713149388
131.37743193
130.929808653
129.139315543
132.720301763
133.391736679
132.944113401
130.034562098
130.370279556
133.391736679
133.27983086
133.27983086
132.384584305
126.565481698
126.453575878
127.348822433
133.27983086
132.944113401
128.915503904
126.005952601
125.894046782
126.565481698
125.894046782
123.096401298
123.432118756
126.22976424
129.69884464
133.27983086
133.391736679
133.27983086
133.951265776
133.951265776
133.503642498
133.503642498
132.832207582
133.503642498
133.503642498
133.615548318
133.27983086
132.944113401
128.691692266
128.691692266
129.139315543
132.608395943
132.944113401
132.944113401
133.503642498
130.594091195
131.601243569
134.510794873
134.510794873
134.622700692
136.860817079
136.301287982
136.301287982
137.084628718
135.294135608
138.763216008
138.987027647
139.882274202
136.860817079
135.741758885
129.139315543
127.796445711
126.789293337
130.146467917
133.056019221
133.27983086
136.189382163
136.74891126
139.546556744
139.546556744
139.658462563
139.210839286
134.510794873
131.601243569
132.384584305
138.763216008
142.232296408
144.582318615
144.918036073
150.849044499
150.513327041
147.15615246
143.239448783
137.084628718
131.713149388
132.944113401
134.286983234
134.622700692
134.734606511
134.622700692
134.175077414
132.944113401
133.056019221
131.825055208
125.334517685
125.894046782
125.894046782
126.565481698
126.005952601
122.64877802
119.067791801
119.515415078
119.515415078
119.515415078
119.963038356
123.320212936
127.348822433
134.063171595
139.658462563
139.882274202
139.882274202
139.210839286
138.203686911
132.384584305
132.944113401
129.475033001
127.013104975
129.251221363
129.139315543
132.608395943
133.056019221
132.832207582
130.370279556
133.951265776
133.951265776
134.175077414
135.517947247
136.189382163
136.189382163
135.965570524
135.965570524
135.294135608
134.175077414
131.265526111
130.482185375
130.258373737
133.16792504
133.27983086
132.832207582
129.363127182
126.901199156
130.258373737
133.16792504
132.160772666
131.37743193
133.615548318
134.175077414
137.979875273
144.470412796
147.491869918
147.044246641
144.134695338
144.246601157
141.560861492
139.882274202
139.322745105
136.077476344
133.056019221
132.944113401
134.286983234
134.622700692
134.286983234
134.286983234
134.286983234
134.175077414
130.370279556
123.320212936
120.97019073
120.85828491
121.529719827
120.746379091
120.746379091
120.746379091
121.977343104
125.894046782
129.139315543
134.510794873
134.510794873
133.16792504
133.16792504
133.727454137
139.658462563
139.658462563
140.329897479
140.329897479
141.001332395
140.889426576
139.770368382
137.420346176
140.21799166
140.777520757
143.239448783
140.441803299
139.770368382
140.21799166
143.68707206
145.47756517
141.560861492
138.53940437
137.532251995
132.384584305
132.384584305
133.391736679
132.608395943
132.720301763
134.95841815
135.517947247
137.756063634
137.308440357
134.398889053
134.286983234
135.070323969
135.070323969
135.070323969
133.951265776
130.370279556
130.705997014
130.258373737
127.013104975
123.320212936
123.320212936
124.43927113
127.236916614
127.90835153
130.258373737
127.348822433
127.572634072
125.334517685
124.774988588
121.865437285
121.753531465
123.208307117
123.544024575
126.453575878
126.453575878
126.22976424
122.76068384
119.739226717
119.627320897
119.627320897
119.17969762
116.270146317
116.046334678
118.172545246
118.284451065
118.843980162
118.955885981
119.515415078
123.544024575
126.341670059
126.453575878
126.565481698
126.789293337
132.608395943
132.272678485
131.601243569
131.713149388
132.048866847
132.048866847
132.048866847
132.048866847
132.720301763
132.720301763
132.944113401
128.915503904
125.334517685
125.670235143
128.579786446
129.251221363
129.810750459
132.608395943
131.713149388
131.713149388
130.929808653
128.132163169
128.02025735
127.460728253
123.991647853
123.208307117
122.64877802
122.64877802
122.64877802
123.767836214
126.565481698
127.236916614
129.027409724
125.670235143
122.76068384
123.320212936
124.43927113
128.02025735
127.348822433
126.22976424
123.432118756
122.872589659
119.963038356
119.963038356
119.963038356
120.074944175
117.277298691
114.479653207
111.570101903
110.898666987
111.346290265
113.472500833
114.255841568
113.808218291
110.898666987
111.570101903
112.577254278
116.046334678
119.515415078
121.305908188
117.948733607
114.927276484
114.815370665
114.927276484
114.815370665
114.815370665
115.374899762
118.620168523
122.201154743
125.222611866
124.774988588
122.536872201
121.977343104
119.515415078
122.313060562
123.096401298
123.544024575
126.901199156
129.810750459
129.922656279
129.475033001
126.565481698
126.565481698
126.565481698
126.565481698
126.453575878
126.453575878
126.453575878
125.782140962
125.782140962
125.222611866
125.110706046
125.670235143
128.579786446
128.579786446
128.691692266
129.139315543
131.936961027
132.272678485
132.944113401
132.944113401
132.272678485
131.601243569
131.041714472
130.705997014
130.705997014
130.705997014
130.258373737
130.370279556
130.258373737
127.460728253
126.901199156
124.663082769
125.334517685
125.334517685
125.894046782
126.565481698
126.453575878
126.453575878
127.013104975
130.482185375
133.391736679
133.056019221
129.586938821
126.677387517
123.991647853
121.641625646
122.201154743
121.417814007
120.85828491
120.074944175
119.403509259
118.955885981
118.732074343
121.529719827
124.43927113
124.998800227
128.244068988
131.265526111
131.601243569
130.929808653
131.041714472
131.37743193
132.048866847
132.608395943
133.391736679
137.308440357
141.560861492
145.029941892
148.163304835
144.694224434
140.777520757
135.965570524
131.265526111
126.901199156
122.76068384
119.17969762
119.627320897
119.627320897
119.739226717
120.85828491
123.320212936
120.522567452
121.194002368
120.97019073
124.215459491
